[header]
width=20
height=15
viewRequestedX=1
viewRequestedY=1
levelStartX=10
levelStartY=12
tilewidth=32
tileheight=32
orientation=orthogonal

[tilesets]
tileset=../../Images/Tiles/Ice_tiles.png,32,32,0,0

[layer]
type=Walls_Blocks
data=
0,0,0,0,0,0,0,0,0,0,0,0,0,0,0,0,0,0,0,0,
0,0,0,0,0,0,0,0,0,0,0,0,0,0,0,0,0,0,0,0,
0,0,0,0,0,0,112,112,112,112,112,112,112,0,0,0,0,0,0,0,
0,0,0,0,0,0,0,0,0,0,0,0,0,0,124,0,0,0,0,0,
0,0,0,0,0,0,0,0,93,93,93,93,0,0,111,92,73,0,0,0,
0,0,0,0,0,0,0,93,0,0,0,0,93,0,0,0,0,71,0,0,
0,0,0,72,0,0,93,0,0,0,0,0,0,93,0,0,0,71,0,0,
0,0,0,0,0,0,93,0,0,0,0,0,0,93,0,0,0,124,0,0,
0,0,21,93,0,0,93,0,0,0,0,0,0,93,0,0,0,71,0,0,
0,0,93,116,0,0,0,93,0,0,0,0,0,0,0,0,0,71,0,0,
0,0,0,0,116,0,0,0,93,93,93,93,0,0,0,71,116,0,0,0,
0,0,0,0,0,116,111,0,0,0,0,0,0,0,0,124,0,0,0,0,
0,0,0,0,0,0,72,32,32,32,0,32,32,71,0,0,0,0,0,0,
0,0,0,0,0,0,0,116,116,116,116,116,116,0,0,0,0,0,0,0,
0,0,0,0,0,0,0,0,0,0,0,0,0,0,0,0,0,0,0,0

[layer]
type=Water_Blocks
data=
99,99,105,106,107,99,105,109,109,109,109,109,109,107,99,99,99,99,99,99,
99,105,110,0,98,105,110,0,0,0,0,0,0,108,106,107,99,99,99,99,
105,110,0,0,108,110,0,0,0,0,0,0,0,0,0,108,107,99,99,99,
100,0,0,0,0,0,0,0,0,0,0,0,0,0,0,0,108,107,99,99,
125,126,126,90,0,0,0,0,99,99,99,99,0,0,0,0,0,108,107,99,
105,109,109,110,0,0,0,99,99,99,99,99,99,0,0,0,0,0,108,107,
100,0,0,0,0,0,99,99,105,106,106,107,99,99,0,0,0,0,0,98,
100,0,0,0,0,0,98,99,115,0,0,117,99,100,0,0,0,0,0,98,
100,0,0,0,0,0,108,107,125,126,126,127,105,110,0,0,0,0,0,98,
125,90,0,0,0,0,0,108,107,99,99,105,110,0,0,0,0,0,88,127,
99,125,90,0,0,0,0,0,108,106,106,110,0,0,0,0,0,88,127,99,
99,99,125,90,0,0,0,0,0,0,0,0,0,0,0,0,88,127,99,99,
99,99,99,125,90,0,0,0,0,0,0,0,0,0,0,88,127,99,99,99,
99,99,99,99,125,126,90,0,0,0,0,0,0,88,126,127,99,99,99,99,
99,99,99,99,99,99,125,89,89,89,89,89,89,127,99,99,99,99,99,99

[layer]
type=Snow_Surface
data=
0,0,0,0,0,0,0,0,0,0,0,0,0,0,0,0,0,0,0,0,
0,0,0,116,0,0,0,116,116,116,116,116,116,0,0,0,0,0,0,0,
0,0,116,116,0,0,116,116,116,116,116,116,116,116,116,0,0,0,0,0,
0,116,116,0,116,116,116,116,116,116,116,116,116,116,116,116,0,0,0,0,
0,0,0,0,116,116,116,116,0,0,0,0,116,116,116,116,116,0,0,0,
0,0,0,0,116,116,116,0,0,0,0,0,0,116,116,116,116,116,0,0,
0,116,116,0,116,116,0,0,0,0,0,0,0,0,116,116,116,116,116,0,
0,116,116,0,116,116,0,0,0,116,116,0,0,0,116,116,116,116,116,0,
0,116,0,0,10,116,0,0,0,0,0,0,0,0,116,116,116,116,116,0,
0,0,0,116,0,116,116,0,0,0,0,0,0,116,116,116,116,116,0,0,
0,0,0,116,116,0,116,116,0,0,0,0,116,116,116,116,116,0,0,0,
0,0,0,0,116,116,0,116,116,116,116,116,116,116,116,116,0,0,0,0,
0,0,0,0,0,116,0,116,116,116,116,116,116,116,116,0,0,0,0,0,
0,0,0,0,0,0,0,116,116,116,116,116,116,0,0,0,0,0,0,0,
0,0,0,0,0,0,0,0,0,0,0,0,0,0,0,0,0,0,0,0

[layer]
type=Scene_End
data=
0,0,0,0,0,0,0,0,0,0,0,0,0,0,0,0,0,0,0,0,
0,0,0,0,0,0,0,0,0,0,0,0,0,0,0,0,0,0,0,0,
0,0,0,0,0,0,0,0,0,0,0,0,0,0,0,0,0,0,0,0,
0,0,0,124,0,0,0,0,0,0,0,0,0,0,124,0,0,0,0,0,
0,0,0,0,0,0,0,0,0,0,0,0,0,0,0,0,0,0,0,0,
0,0,0,0,0,0,0,0,0,0,0,0,0,0,0,0,0,0,0,0,
0,0,0,0,0,0,0,0,0,0,0,0,0,0,0,0,0,0,0,0,
0,0,0,124,0,0,0,0,0,0,0,0,0,0,0,0,0,124,0,0,
0,0,0,0,0,0,0,0,0,0,0,0,0,0,0,0,0,0,0,0,
0,0,0,0,0,0,0,0,0,0,0,0,0,0,0,0,0,0,0,0,
0,0,0,0,0,2,0,0,0,0,0,0,0,0,0,0,0,0,0,0,
0,0,0,0,0,0,0,0,0,0,0,0,0,0,0,124,0,0,0,0,
0,0,0,0,0,0,0,0,0,0,0,0,0,0,0,0,0,0,0,0,
0,0,0,0,0,0,0,0,0,0,0,0,0,0,0,0,0,0,0,0,
0,0,0,0,0,0,0,0,0,0,0,0,0,0,0,0,0,0,0,0

[layer]
type=Movable_Blocks
data=
0,0,0,0,0,0,0,0,0,0,0,0,0,0,0,0,0,0,0,0,
0,0,0,0,0,0,0,0,0,0,0,0,0,0,0,0,0,0,0,0,
0,0,0,0,0,0,0,0,0,0,0,0,0,0,0,0,0,0,0,0,
0,0,0,0,0,0,0,0,0,0,0,0,0,0,0,0,0,0,0,0,
0,0,0,0,0,0,0,0,0,0,0,0,0,0,0,0,0,0,0,0,
0,0,0,0,0,0,0,0,0,0,0,0,0,0,0,0,0,0,0,0,
0,0,0,0,0,0,0,0,0,0,0,0,0,0,0,0,0,0,0,0,
0,0,0,0,0,0,0,0,0,0,0,0,0,0,0,0,0,0,0,0,
0,0,0,0,0,0,0,0,0,0,0,0,0,0,0,0,0,0,0,0,
0,0,0,0,0,0,0,0,0,0,0,0,0,0,0,0,0,0,0,0,
0,0,0,0,0,0,0,0,0,0,0,0,0,0,0,0,0,0,0,0,
0,0,0,0,0,0,0,0,0,0,0,0,0,0,0,0,0,0,0,0,
0,0,0,0,0,0,0,0,0,0,0,0,0,0,0,0,0,0,0,0,
0,0,0,0,0,0,0,0,0,0,0,0,0,0,0,0,0,0,0,0,
0,0,0,0,0,0,0,0,0,0,0,0,0,0,0,0,0,0,0,0

